[0.20137412398247367, 0.14927272568242542, 0.17547015687250886, 0.19158869440408996, 0.1679449347383348, 0.17674896217789363, 0.12496113560341356, 0.1732208416984073, 0.22669689277709054, 0.2176191610738681, 0.2571538349164483, 0.1638775899148837, 0.12865780036854274, 0.17770029522345138, 0.14482091664269, 0.21272641144072849, 0.1731234869161962, 0.14821533470474518, 0.13447942532823937, 0.10069552258520074, 0.14874782984700877]
[0.18165118609530237, 0.18420972884969117, 0.2692626635253478, 0.19508279987835678, 0.22138365474682972, 0.20040982085474432, 0.216791401914088, 0.22566635433114549, 0.18660581106826546, 0.22365580198642773, 0.30768932656705833, 0.19261967026177718, 0.26115304696640335, 0.21036311319718312, 0.24789616814863402, 0.16522774657520853, 0.17217092852706584, 0.16971411967785496, 0.1811375680045353, 0.12417387352781083, 0.1318828434826027]
[0.1723570093474845, 0.22444815151627462, 0.1920780379276617, 0.21139504220758754, 0.19456770269950063, 0.20348294473374054, 0.22147928642881184, 0.18122583403504983, 0.2133241616619311, 0.2537094628617315, 0.2516485164830756, 0.1992876900815475, 0.21456088747382898, 0.21255412365595233, 0.16480121730562552, 0.18735107839913298, 0.16000012146480092, 0.20564953928544003, 0.1462504436939658, 0.12420988637199411, 0.07704336119893637]
[0.21133638972928026, 0.18183897716700145, 0.2050836908397243, 0.2189130222858596, 0.24522754366383642, 0.24332082042688455, 0.19833554418350452, 0.20054601350565548, 0.1825263079479412, 0.2727670466037222, 0.28247743169760187, 0.28192948584893657, 0.2759033338636349, 0.18691178770821443, 0.18639782982512207, 0.20185642427568973, 0.20953961822259423, 0.1539545165244427, 0.12872704152072034, 0.19453640761772334, 0.13556000364430779]
[0.2205590821731987, 0.2035159257657419, 0.20878728993956813, 0.18610443506862404, 0.20241584958990214, 0.2600477971417995, 0.28138943310578235, 0.2281401756730369, 0.27257764261504835, 0.2579899091290852, 0.2474384759496451, 0.2230867473087602, 0.25571249337691315, 0.2142797016679144, 0.20927881921536587, 0.2028070983633616, 0.13355989276480126, 0.13382681190999432, 0.16260936965348244, 0.19282053498949397, 0.12036756697284393]
[0.3243361562717924, 0.222463318690345, 0.24624335213911677, 0.22261249010368162, 0.3212199050932788, 0.2650265818139758, 0.2617421770979041, 0.24467520227009862, 0.2501860780634564, 0.19165427079271471, 0.2972800229615637, 0.2962997995971176, 0.2826204683580052, 0.2698868786921314, 0.5582441967834783, 0.19675973527113763, 0.14170670903692434, 0.1509224821470111, 0.16535290020975618, 0.14322420165974045, 0.1334395525979381]
[0.2515049929710784, 0.23674738476325347, 0.2939436592855274, 0.23017131441395036, 0.24767508762056406, 0.23513026418735875, 0.31011370534112953, 0.3029194894379236, 0.2942035226330338, 0.31188145507737575, 0.36393888652187395, 0.31035436306724323, 0.30422233459460885, 0.3005245248362455, 0.3404971112561598, 0.21147456392151773, 0.2413334679437794, 0.17066040297724003, 0.21120814055168238, 0.15269944376981448, 0.1615093654699551]
[0.3019218978763626, 0.20491406991798525, 0.2937168402284532, 0.3069894516305885, 0.27907758473422434, 0.27449458907097435, 0.26362499613194534, 0.2873174201857317, 0.3093273978121988, 0.39587447601882, 0.4639655576439159, 0.4853137452237319, 0.34473330523141005, 0.3396743200186445, 0.31044667980943647, 0.284140648960946, 0.21084002676509056, 0.24308224790107494, 0.17543036938089387, 0.1984500604044152, 0.1875094271049883]
[0.3471364689662405, 0.3529238413630259, 0.3309479410459352, 0.36061090294144815, 0.24921507409819038, 0.3410647699519314, 0.40739261391871723, 0.4331544023179292, 0.4173913130015341, 0.4977354709252792, 0.6574235652489263, 0.44625725758747237, 0.42863435392974814, 0.41265613648069804, 0.2599561797188705, 0.2736195588054507, 0.20346402229765032, 0.28666054760689635, 0.1862179422827246, 0.2865007529025915, 0.2531926084847434]
[0.4046104344968425, 0.3808237462651739, 0.45809375449210976, 0.3815157746012057, 0.4646455116702883, 0.437137484830797, 0.4507054719594323, 0.48464625665389255, 0.6068297871254675, 0.7049017653817632, 0.8356525350358374, 0.7089788387642039, 0.45808209464126803, 0.3319576174802403, 0.3415360323556471, 0.3251511699661151, 0.3950642314976624, 0.2514239047990263, 0.27219837701631405, 0.2631270348830479, 0.1808587535690399]
[0.40443964455175624, 0.4791975747751669, 0.4707199499117986, 0.489829842588712, 0.44877676195869826, 0.4721719777329856, 0.4505330183735977, 0.5617728240182275, 0.6679278337019959, 1.0792087193017674, 0.8515901060070671, 0.9168619351757022, 0.6888892903485425, 0.3845595039284416, 0.37564444911262823, 0.3219271873500682, 0.31808581632456523, 0.3450787868096356, 0.31586929125222635, 0.25337520500762745, 0.24776967374047482]
[0.42768855258982685, 0.46058453883995376, 0.5045882911865877, 0.4286563368187383, 0.5524583496513037, 0.5269728658867944, 0.45784849583647436, 0.5199819436239015, 0.6163017249363423, 0.6994686429501176, 0.931330487972317, 0.6095905535640949, 0.5304639792541141, 0.3545302452050778, 0.4533478825189668, 0.2830024320314442, 0.26308150628694554, 0.26919269524174094, 0.25275692013447687, 0.23916594910607064, 0.16941060194615867]
[0.492825785443775, 0.41274355768660076, 0.32908874476823885, 0.3894874601586061, 0.385680493810878, 0.3954541120027518, 0.43837945859794664, 0.87822763083546, 0.4954729721225655, 0.6823774835898747, 0.6634447070211393, 0.5400593754304446, 0.41387748947765624, 0.31757859137360334, 0.321709299994741, 0.2622200345607767, 0.24341009653690934, 0.29278414282638054, 0.22867127002323018, 0.21737369575200877, 0.19986329147668827]
[0.35415263866692165, 0.37980513179180037, 0.3352261001135412, 0.41351844437614516, 0.3394370658634498, 0.4203159988728204, 0.41292326076894703, 0.4239854676003294, 0.4576153448453745, 0.4645434052107725, 0.5823238803645625, 0.46476088080523464, 0.3585330982101128, 0.3944694349517927, 0.2957757159725415, 0.28205082679803084, 0.23090802079282519, 0.23135240858645298, 0.1733262023125298, 0.1766904314196687, 0.16498966849018423]
[0.40997008205318924, 0.35523921972366396, 0.3664466546815122, 0.29785641757522263, 0.39215372119650627, 0.5044211560653538, 0.5920280054360346, 0.3592884585047814, 0.4470699819938353, 0.498969258236068, 0.5004529182167051, 0.4314003623666369, 0.3294232821584889, 0.3373337621555713, 0.23042763891071513, 0.29843856546804226, 0.27735925416756346, 0.22691723809390696, 0.18595639613180281, 0.2255756557453225, 0.15029137827263056]
[0.4262650235358895, 0.31303154072560313, 0.3871626601905259, 0.4224089648235561, 0.3206598263337431, 0.5774981045873699, 0.39819916836016284, 0.40544095814883746, 0.4224944342179611, 0.43877087052526387, 0.3971119778706816, 0.37502939146946507, 0.28146647937487007, 0.28990615512150913, 0.3105826381286352, 0.2557868376458838, 0.2307235399856479, 0.23302960833374198, 0.2349554202000336, 0.23074470253210008, 0.22020457025349915]
[0.3967004597063718, 0.38814920247888124, 0.37005195907095123, 0.38313581852019885, 0.29369749502928805, 0.4641314065033869, 0.36255855381000707, 0.4040079237474109, 0.4380656770286538, 0.47413052841751074, 0.5015563805710587, 0.3771624419338368, 0.2840997653336796, 0.3100323889697684, 0.24079313477002873, 0.2878726899377698, 0.18471451615247583, 0.18726831424852605, 0.1499479654025799, 0.27561728423980875, 0.16600137427330391]
[0.3777784128125084, 0.3914138857514494, 0.4275322053156069, 0.3632605599637665, 0.3963846949298652, 0.3327744744911608, 0.40267478944982993, 0.3208312808061373, 0.4531721740376987, 0.35510848557600305, 0.5050513939006349, 0.3564449967127669, 0.33123785411669304, 0.2908320350174666, 0.3067690811754142, 0.16549126904723413, 0.22729910284910243, 0.16052775858911347, 0.2249351911778764, 0.17928601400762123, 0.24137953146576446]
[0.5068116200013657, 0.4141123653266237, 0.4094225333774122, 0.3875159719736713, 0.32850731806858724, 0.3598327570349919, 0.3730316382086009, 0.2872888350335715, 0.4569492320364335, 0.47412569617093575, 0.4772695595150552, 0.37148381617971304, 0.3700053333972605, 0.2819809695988295, 0.24728313106679006, 0.28992348616227404, 0.25768005323673676, 0.21167689632605471, 0.22489191935160208, 0.19802426505256002, 0.17246386627005658]
[0.42919919562601666, 0.4517880017598569, 0.4004714105003409, 0.389842790483221, 0.37530725882018573, 0.4281420580989874, 0.3562054482594746, 0.41535977862335655, 0.387966353583858, 0.5147704327392446, 0.46103150590270264, 0.39941698775631734, 0.31862497791377226, 0.27225050780694465, 0.2704297349970111, 0.18465347408227417, 0.2192977518300729, 0.2589308843051307, 0.20131230777272277, 0.17429543144656715, 0.19195431627019588]
[0.4696450847656226, 0.41408697381605064, 0.4371618773490226, 0.31731283192731247, 0.3273149758017082, 0.45142950367354273, 0.3926031715442822, 0.39074541046354855, 0.4326421917955374, 0.4886681791556505, 0.422082642977355, 0.3881505923121409, 0.3385506487569799, 0.30507463463646733, 0.2024241928282574, 0.2184838123648123, 0.20065977838093926, 0.2194816904326352, 0.16949123839400726, 0.14876180979276732, 0.18827074105185518]
