0.5518497299605986, 0.5924273440433852, 0.5836435094148172, 0.6173115885608852, 0.6106565892843538, 0.631831695837881, 0.6058710390963868, 0.668399553506448, 0.7293894465389241, 0.7303065187178515, 0.8231482384421881, 0.7431996320259348, 0.6640755726898412, 0.5910933935277443, 0.5572521701165487, 0.5396229578860966, 0.4849816228209746, 0.481332133785492, 0.49335634375812754, 0.4256439639108166, 0.4118985024311412
0.5744491627292384, 0.5928863902346952, 0.619670744086188, 0.6543201996553286, 0.6544719890485531, 0.6780813016405045, 0.6918104177116049, 0.722436019666417, 0.7482423179099952, 0.7814788744721313, 0.840913754644981, 0.7583060519931113, 0.715195832779896, 0.6474663717879371, 0.5830975489391397, 0.5256695781180123, 0.5322840508907076, 0.5510785486319483, 0.47286238689633475, 0.45831417919242035, 0.40989675609836596
0.5901008945040521, 0.6195572185579057, 0.6311126250791655, 0.6587642053497325, 0.6807023081448105, 0.6717357086274416, 0.6670231471196577, 0.7147574233893906, 0.7877776841772307, 0.7954615693877748, 0.8587101226079032, 0.7926736378717503, 0.7319061198466793, 0.6131122961725315, 0.6079837750363528, 0.5471881617413016, 0.5298665730833423, 0.5128486942133862, 0.5339381795558549, 0.518709839650211, 0.46842172362702267
0.6321500330270231, 0.6292894114931998, 0.6532106194718572, 0.6418933679327649, 0.6868831314242915, 0.6745783250205879, 0.7423069478649802, 0.7735028344138529, 0.8345203915806706, 0.8280563235242089, 0.9193378505703788, 0.8248191288578475, 0.7314556686018712, 0.7215111672893978, 0.6328710269772418, 0.6039572043024778, 0.6063635952331948, 0.5632825873028703, 0.5558955695338302, 0.4708688681093536, 0.47470498077970175
0.6555833159152965, 0.6804286681289339, 0.6973017559776286, 0.6972381043605647, 0.7041008519612679, 0.737064803916382, 0.7558262554331856, 0.7845319793754773, 0.8440351113038781, 0.9099863683321755, 1.027712908748614, 0.9211352877677167, 0.7766828252532325, 0.7338418477345044, 0.6521129087290369, 0.6326249924046243, 0.5812711647075026, 0.5888986725608844, 0.5002279635939814, 0.5201639426695424, 0.5180545101938406
0.7232250034100643, 0.7271328690968337, 0.743856411390866, 0.7476469798514345, 0.7778190842027433, 0.7778879810467834, 0.7977715793650416, 0.9265449548936264, 0.901711552866491, 1.0246712697530862, 1.13416272657578, 0.9233071963132881, 0.8735025741835843, 0.7467739598065144, 0.6793426402082255, 0.7032569682853652, 0.5867158432723653, 0.5860055706803236, 0.5451754064732235, 0.5762629053065068, 0.5390590335304684
0.7761278776806579, 0.7526868960673194, 0.816359656134362, 0.8411318346385062, 0.8626400444238428, 0.911659569573251, 0.8981307945338787, 0.899019717894605, 0.9813338120412702, 1.1348715579107744, 1.217285725514283, 1.049051624556862, 0.9010339547545398, 0.8972125570482872, 0.7918777523658221, 0.7396569165144989, 0.6486029329483003, 0.6225403034612639, 0.5757304317874593, 0.6131588299424151, 0.5510293381636319
0.8878479807054986, 0.8737766338972185, 0.8555973289738164, 0.8742982551913455, 0.8639778338337722, 0.8573990849823984, 1.0770835493985522, 1.0958091126168985, 1.1224446312184218, 1.2366823941460552, 1.4274146483747685, 1.2057846007217845, 1.0810111852252648, 0.9896081778462016, 0.9200405287395151, 0.8200517732213091, 0.7057456417898801, 0.6703022650688248, 0.6693715820335671, 0.5902711483199367, 0.5737401693638647
1.0215328473284517, 0.9693510186433943, 1.0231148928629992, 1.0237582322678944, 1.0906270981635422, 1.0730604554120131, 1.1824322786761485, 1.2518894355930044, 1.3776494211191714, 1.6715423218842822, 1.8845529622464843, 1.5683763425839243, 1.4522078319975396, 1.134032591773913, 1.0183917552243138, 0.9404686121014479, 0.827509484566231, 0.7918447733633279, 0.7348970968025059, 0.6870125869544403, 0.6502823498951414
1.1320874891964137, 1.1238879682267235, 1.1736903200897382, 1.2020742433249567, 1.247479234893661, 1.2922617953812903, 1.316073645140009, 1.4786707327086133, 1.7443532218733804, 2.124336808848092, 2.808904920447505, 2.175541113274516, 1.5175580990719986, 1.2754979099374375, 1.051388014616755, 0.9950537949728164, 0.8862042490653665, 0.8578875941708647, 0.8704617235209853, 0.7844809989289995, 0.7259375777620484
1.3537644455685514, 1.3467799011266848, 1.4168791103605394, 1.4083753193474402, 1.4465823408993672, 1.4545650636518639, 1.5328969755388273, 1.793582553662577, 2.112877063705002, 3.020082892197393, 5.324865514782723, 2.806434872583803, 1.8172993337592502, 1.4862718396188739, 1.1970044990943745, 1.063571731540448, 1.053058935449511, 0.9357732899985912, 0.8681869594586804, 0.8662758322360846, 0.7727850875750761
1.3157691805765246, 1.3055288998301906, 1.3723687052509994, 1.3705216886992155, 1.3732951934463622, 1.4016132731310296, 1.5202886962375526, 1.6727452601924047, 1.9381708743780577, 2.3892809685227356, 2.8472201171891043, 2.0695579476293555, 1.5215254975981851, 1.1991589455991427, 1.050420216693198, 0.9388868284644267, 0.8799930401300545, 0.9200571815275095, 0.8233786654516251, 0.7503784285978045, 0.726239402984512
1.1920741119818403, 1.257566531645567, 1.2647407316104515, 1.328511897953113, 1.296353461875341, 1.370632255170586, 1.4575130624734778, 1.4939207936394843, 1.7058343684976804, 1.943642524991371, 2.0351856084770104, 1.6823867785778241, 1.4336550149672835, 1.084043389793968, 0.965987836708905, 0.916224380593394, 0.8233391330081057, 0.7638616847200151, 0.7507532534261359, 0.6478201052962794, 0.6409533462252915
1.214984653791864, 1.2494563496324895, 1.2370570330259116, 1.1829394067058936, 1.2252003890894945, 1.2909194583867152, 1.2832795534283108, 1.3766335121831663, 1.5034972734190961, 1.6313207872513762, 1.7174880427500046, 1.3936512609757947, 1.2008157007965727, 1.0865540259726068, 0.9264213866535334, 0.8471766411525578, 0.7882762111454705, 0.7513961558747486, 0.6871458042554072, 0.6198520413934143, 0.632541337353981
1.1672340205424019, 1.1918826988152829, 1.1647811662918173, 1.1990884564717252, 1.1504249903893005, 1.2568330941893116, 1.2684986184719906, 1.3346832033665377, 1.4326246544087753, 1.4704328133123599, 1.4939906213285974, 1.2547530084179466, 1.0457181917628284, 0.9765581206405766, 0.9341106244633643, 0.821945911003104, 0.7338627704290499, 0.6810464222543, 0.721447338873099, 0.648759850674476, 0.6030991116417265
1.229449111118731, 1.141067114634596, 1.1738934431175152, 1.176852122662331, 1.2150424630342058, 1.2065483589951844, 1.265061605089376, 1.2824987413395728, 1.289110530093121, 1.3912845674185128, 1.4459077219344443, 1.1190289820067498, 1.0295177258382027, 0.9054823199198332, 0.8330316716058873, 0.8484604735083414, 0.7608665928355964, 0.7041393508372316, 0.6937564387112904, 0.6450378949111437, 0.5928759098741064
1.1950778240202813, 1.1764311673168844, 1.1988915806553877, 1.1831291384872764, 1.236792590440249, 1.192075950413601, 1.2325057876783923, 1.2629917029088769, 1.3201775298297473, 1.3822640018220964, 1.4722182691211123, 1.1820105670675007, 1.0124843972553434, 0.8840926708325282, 0.8325534342146756, 0.8460731670293934, 0.7236781468702671, 0.6797513116798031, 0.631429318019627, 0.6342849030505078, 0.5934175368294362
1.1612127680616182, 1.1400087349083918, 1.1412489878225947, 1.2808454531366484, 1.1276931900767668, 1.2073163364971522, 1.2500160720177769, 1.2068499406404054, 1.2456165577688856, 1.3537878163349437, 1.3815728536617047, 1.1623746383000402, 0.9270562285218625, 0.8843797935969793, 0.8398206421311152, 0.7735197598703378, 0.7246626969003922, 0.6598531945627103, 0.6528882832624661, 0.6050095545173316, 0.6332717569544135
1.2365908108402657, 1.298488543325998, 1.2277463267339923, 1.2350963002407245, 1.2137075722875619, 1.1458233038778958, 1.2537537646900938, 1.2282202220540035, 1.2721785520537612, 1.3142241230459903, 1.425005176761097, 1.146755771236961, 0.9892896635062784, 0.8606319150256123, 0.821619857493668, 0.8094916338869246, 0.6833403778835138, 0.6499154052845707, 0.6546047947776338, 0.5538680616317907, 0.5790762035578729
1.2499240268871756, 1.2682598430960725, 1.1961961852824343, 1.2297520382829636, 1.179065848822556, 1.1791780356803983, 1.1978259773052153, 1.5368189570213167, 1.215646052353454, 1.3161165501579413, 1.2972619782711599, 1.097973900788999, 0.9572650509226365, 0.8280781957852682, 0.7983200580914988, 0.7074604584192992, 0.6888025162123068, 0.5987740481390432, 0.6547764108945383, 0.5670714844610485, 0.5761471895492107
1.4056699238080252, 1.2785060971854663, 1.2205912633632652, 1.1857732825706522, 1.14122053027472, 1.165182250754732, 1.178645739599692, 1.25063550705153, 1.3478696377556998, 1.3593511825974138, 1.3499669063082007, 1.1151813280820184, 0.9642095897926246, 0.8219103722805633, 0.7585159625616693, 0.7124098354445154, 0.6374935740748182, 0.6381400039420448, 0.6324904278613083, 0.5776030120404443, 0.5766189704605471
